particulas.txt
Tiempo en charge kernel primera iteracion: 76286.7[ms]
Tiempo en min kernel primera iteracion: 20.8084[ms]
Tiempo en charge kernel 999 iteraciones: 15848.6[ms]
Tiempo en min kernel 999 iteraciones: 20448.7[ms]

 Resultados 1000 casillas (Carga, posicion): 
1.04585    67100672
1.0813    67100730
1.08486    8191
1.10266    0
1.10284    66715648
1.10317    67100671
1.11217    67100811
1.11547    835584
1.12049    8094
1.127    65314816
1.13121    122
1.13622    655359
1.13736    67100889
1.13971    67108806
1.14442    1409024
1.14795    8016
1.15285    64757760
1.15892    67100977
1.16178    183
1.16565    67100768
1.16662    8150
1.16748    67108745
1.16873    458752
1.17221    65822720
1.17614    66772991
1.1767    7945
1.17747    2056192
1.18079    1138687
1.18476    67101072
1.19088    70
1.19374    67100698
1.19818    64299008
1.20001    67108676
1.20363    2629632
1.20539    67101242
1.20574    294911
1.20657    65921023
1.21083    234
1.21141    66396160
1.21231    2211839
1.21509    7892
1.21711    62791680
1.22141    1032261
1.22165    67101144
1.22224    64585727
1.22368    7743
1.2264    67100850
1.22655    67108594
1.22866    8055
1.23138    67101344
1.2339    61415424
1.23806    614548
1.23841    67108836
1.24068    3055615
1.24174    65019971
1.24233    3104768
1.24646    67100934
1.24836    541
1.24956    1499135
1.25112    64012287
1.25145    1720320
1.25192    59547648
1.25275    7669
1.2581    5857280
1.26007    67101411
1.26072    67108433
1.26087    565064
1.26414    67101024
1.26448    66650033
1.26726    391
1.27165    1105920
1.27218    65044480
1.27421    3571711
1.27444    67108228
1.27587    67101564
1.2768    6750208
1.27707    61906944
1.27754    65593343
1.27855    7789
1.28078    58949632
1.28216    5890047
1.2823    67108545
1.28266    66666578
1.284    609
1.2855    565152
1.2867    5087232
1.28907    7589
1.28921    67101292
1.2916    152
1.29234    64643213
1.293    63545343
1.29535    7880704
1.2978    67108711
1.29809    2596863
1.29892    63954944
1.30016    67108134
1.30165    1220763
1.30289    61014016
1.30439    7980
1.30633    67101191
1.30732    64921599
1.30844    40
1.31066    56426496
1.31134    6488063
1.31274    67101632
1.31388    274
1.31604    59973632
1.3163    3473408
1.31671    67108292
1.31706    892927
1.31807    66912256
1.32134    7798783
1.32193    492
1.32305    63102976
1.32349    8486912
1.3237    67108635
1.32424    7531
1.32588    57556992
1.32819    66576559
1.32865    548587
1.32936    67108049
1.32989    2342912
1.33079    62619647
1.33156    67101861
1.33306    6291456
1.33323    7323
1.33488    55320576
1.3361    5439487
1.33683    66568191
1.33787    664
1.33873    67102084
1.34304    8123
1.34345    7315456
1.34373    65576960
1.34611    67101518
1.34734    67108390
1.34768    3989503
1.34833    4620288
1.34931    62431232
1.35107    7706
1.35182    10256383
1.35197    737497
1.35221    67101107
1.35355    67108776
1.35472    54484992
1.35567    1892351
1.35685    64110795
1.35779    64356300
1.35904    67102198
1.36022    245760
1.3605    67107972
1.36199    58580992
1.36211    8347647
1.36422    1269555
1.36439    62021631
1.36546    1102
1.3666    61276271
1.36698    9379840
1.36895    2555980
1.37078    66625840
1.37106    67108181
1.37255    7268
1.37353    67102009
1.37469    55894016
1.3756    7233535
1.37581    432
1.3769    597597
1.37723    66585241
1.37821    5480448
1.37961    65257628
1.37982    66199490
1.38161    10960895
1.38358    60227583
1.38509    12017664
1.38534    67102299
1.38611    67108473
1.38628    57016320
1.38677    533047
1.38866    7629
1.38922    1491008
1.3894    67101679
1.39063    62677098
1.39122    1295
1.39182    63193087
1.39212    50724864
1.39427    7121
1.39557    66109440
1.39659    67107904
1.39675    892874
1.39742    53854208
1.39912    65503955
1.39944    65036214
1.39989    4628479
1.40054    8871936
1.40146    7376
1.40295    63168807
1.40339    1351920
1.40403    56737791
1.40546    9797631
1.40574    59490370
1.4076    1813
1.40787    52363264
1.40873    66584278
1.40933    67101447
1.40949    7862
1.41168    14245888
1.41249    706
1.41307    67107765
1.41394    67102388
1.4143    58105855
1.4158    1875798
1.41629    2152
1.41668    11313152
1.4176    67108092
1.41832    1048
1.41862    48963584
1.41966    67101757
1.41986    688170
1.42031    6184959
1.42102    17661952
1.42139    64503866
1.42212    11501567
1.42242    64290815
1.42268    1547
1.42398    6381
1.42418    67102140
1.42442    54059007
1.42504    8173
1.42659    60604519
1.42775    67107531
1.42878    66764928
1.42945    356
1.42967    66158591
1.43039    20045824
1.43084    3309567
1.43131    64455225
1.43193    8060985
1.43209    61112319
1.4328    8847359
1.4335    6962
1.43446    3014707
1.4352    55705599
1.43552    54910976
1.43686    3075
1.43737    12615680
1.43813    7491
1.43935    67101904
1.44068    67103012
1.44106    1073658
1.44204    66617204
1.44219    61931672
1.44331    802324
1.44385    2245
1.44469    50241536
1.44484    66592127
1.44538    1152
1.44559    6545
1.44631    65872089
1.4473    7028736
1.44765    57892864
1.4488    4487
1.44944    16875520
1.45034    3259
1.45055    66200362
1.45119    96
1.45202    5877
1.45291    5611449
1.45386    44417024
1.45483    59097087
1.455    67102464
1.45524    20996096
1.45574    1818336
1.45626    49618943
1.45651    1885
1.45782    9781248
1.45864    62570862
1.45936    48300032
1.45978    63741880
1.46003    1349
1.46076    6296
1.46134    53387263
1.46244    52903936
1.46279    6856703
1.46323    575
1.46385    7065
1.464    64561854
1.46449    67107472
1.46532    13697023
1.46563    5906492
1.46611    67108324
1.46681    3451
1.46699    59252736
1.46814    66748792
1.46851    1867936
1.46882    376691
1.46913    18350080
1.46957    66953215
1.4699    67102248
1.47131    10608639
1.47174    67103303
1.47208    4378
1.47278    2082
1.47308    67108010
1.47376    937
1.47494    66764840
1.47519    2984
1.47594    56238079
1.47802    24576000
1.47816    48668671
1.47849    6719
1.47885    1688
1.47919    67101376
1.47957    4091
1.4799    10625024
1.48061    597672
1.48091    67102942
1.4811    62316543
1.48144    51159040
1.48199    5765
1.4827    14761984
1.48335    66379413
1.48367    4341760
1.48423    4610
1.48473    67107594
1.48516    43597824
1.48564    52527103
1.48604    588943
1.48667    63127622
1.48775    295121
1.48797    3325882
1.48828    21823488
1.48926    67101820
1.48967    59826175
1.49113    46891007
1.49179    6457
1.49235    45834240
1.49319    67103084
1.49381    7905222
1.49409    19439616
1.49428    64692460
1.49519    1240
1.49588    58818651
1.49602    5464
1.49669    3163
1.49703    66452774
1.49791    4513541
1.49935    67107300
1.49955    65626676
1.50087    2311
1.50144    11862015
1.50185    7938203
1.50246    57155583
1.50262    30793728
1.50312    7167
1.50344    53452800
1.50384    1491273
1.50423    50290687
1.50513    67107718
1.50584    5948
1.50602    42631168
1.50648    67101598
1.50668    824
1.50731    2162640
1.50762    61235248
1.50814    67106802
1.50867    4722
1.50977    65077120
1.50993    2590
1.5101    67103384
1.51077    13811712
1.51112    49381376
1.51161    67102046
1.51206    1494
1.51291    14204927
1.51329    56713216
1.51389    2867200
1.51419    466304
1.51456    54468607
1.51528    26206208
1.51561    66814188
1.51603    5655
1.51674    67102601
1.51707    6893
1.51738    25690111
1.51772    66625077
1.51846    46006271
1.51901    8183808
1.51975    63644274
1.51988    466943
1.5206    67103634
1.52164    3510
1.52221    67107863
1.52258    28819455
1.52296    1759
1.52325    3063456
1.52346    41582592
1.52403    42385407
1.52442    623230
1.5246    65478721
1.52514    16416768
1.52549    9961403
1.52589    51961856
1.52607    4862
1.52746    2747
1.52843    66789129
1.52855    45031424
1.52911    67102344
1.53013    6231
1.53092    62300640
1.53122    2719885
1.53156    67105787
1.53207    23543808
1.53253    61751295
1.53344    794393
1.53407    1958
1.53442    29999104
1.53456    47628287
1.53493    65110825
1.53526    4037
1.53601    55287807
1.53679    60743871
1.53709    3317
1.53738    20512768
1.5376    17776639
1.53814    6603
1.53865    67106997
1.53963    647168
1.53978    55607296
1.54065    11673600
1.54141    66757185
1.54167    4546
1.542    39542784
1.54215    6143923
1.54331    64257937
1.54355    47833088
1.54403    5377
1.54491    67103246
1.54507    6479922
1.54551    12517375
1.54594    31621120
1.54675    67108259
1.54708    1375739
1.54737    67103950
1.54775    64528384
1.54802    1606177
1.54823    37167103
1.54855    67105556
1.54898    19800063
1.54948    51224575
1.55012    66274453
1.55044    4319
1.55125    29646847
1.55165    2926
1.55221    67105963
1.55286    45072383
1.5531    15523840
1.55366    4284415
1.55488    24952831
1.55521    61931362
1.55608    67107124
1.55638    60047421
1.55701    6121
1.55741    25026560
1.55784    2198
1.55804    8077311
1.55829    67102514
1.55894    66797524
1.5597    67106513
1.55996    1933352
1.56041    67104192
1.56083    63529192
1.56115    3798
1.56196    57827327
1.56223    1590
1.56245    1178782
1.5631    54181888
1.56357    41656319
1.5643    27271168
1.56508    7919
1.56537    67103557
1.56571    67108516
1.56632    7512287
1.56645    49143807
1.56688    10919859
1.56781    67102884
1.56836    22298624
1.56856    5822
1.56895    28123135
1.56908    66683334
1.56941    66518229
1.56992    2520
1.57089    764
1.57114    67107356
1.57131    46350336
1.57176    17285120
1.57265    4940
1.57301    32129023
1.57334    5168920
1.57346    66586046
1.57411    5349424
1.57461    60489727
1.57579    12943360
1.57594    67106745
1.57669    4144
1.57695    2818047
1.57728    622696
1.57743    52944895
1.57785    64299481
1.57865    28663808
1.57905    7010
1.57938    43114496
1.57984    63774719
1.58019    13303807
1.58093    67105702
1.58119    541785
1.58136    26320895
1.58187    67103708
1.58246    67107657
1.58282    35053567
1.58311    66577258
1.58328    3400
1.58454    1237428
1.58475    61899067
1.58485    2579992
1.58532    67106337
1.5856    5521
1.58643    43007999
1.58672    41009152
1.58718    67104342
1.58811    56172599
1.58885    7593984
1.58925    2672
1.58979    32276480
1.59024    4433
1.59055    65912178
1.59102    6340
1.59157    1294297
1.59197    50503745
1.59211    21028863
1.59257    67101972
1.59293    3727360
1.59342    65437654
1.59394    61661184
1.59419    7236
1.59453    37912575
1.59511    3926
1.59579    67100789
1.59606    18735104
1.5969    67106059
1.59759    3031
1.59796    48177151
1.59863    409075
1.59909    38125568
1.59968    67107804
1.59992    1000
1.60008    7577469
1.60019    64062216
1.6012    4791
1.6017    58228807
1.60216    31031295
1.60242    67105481
1.60301    24109056
1.60348    67103125
1.6037    15204351
1.6039    58400767
1.6046    67106864
1.60502    48635904
1.60548    8601704
1.606    52060159
1.60693    35086336
1.60746    304
1.60791    5304
1.60805    67103860
1.6085    65896187
1.60873    9363392
1.60913    36331519
1.61022    21397504
1.61085    44032000
1.61116    3212
1.61173    6501
1.61204    67105873
1.6125    17293311
1.61264    62579263
1.61284    62898175
1.61347    3759839
1.61423    40845311
1.61445    10969088
1.61469    67103439
1.61565    66561583
1.61585    1849
1.61639    67107247
1.61666    59269286
1.61693    5708
1.61753    46456831
1.6185    67104115
1.61897    1384
1.61972    65905300
1.62014    67105022
1.6205    26697728
1.62074    60579730
1.62119    459264
1.6214    24461311
1.62228    1900184
1.62273    54378571
1.62315    67102723
1.62348    4664
1.62398    6758
1.6242    39067648
1.62452    8421635
1.62516    64135292
1.6253    53739519
1.62592    67107939
1.62634    34226175
1.62691    2046
1.6274    5218303
1.62756    67104439
1.62844    67106593
1.62875    65750115
1.62893    7406
1.62978    42090496
1.63031    18006016
1.63068    44482559
1.63101    19349503
1.63155    31195136
1.63175    66240396
1.63196    2803
1.63267    2048637
1.63454    30236671
1.63491    12320768
1.63518    7512063
1.63541    67101000
1.63631    4857856
1.63652    57294848
1.63677    909164
1.63694    67104818
1.63761    5988
1.63774    66619673
1.63801    39649279
1.63877    47071232
1.63962    2349
1.63989    61333286
1.64038    11501494
1.64077    67102426
1.6409    208
1.64191    29564928
1.64238    66280965
1.64292    66560000
1.64371    3616
1.64394    50667519
1.64423    1137736
1.64457    51281987
1.64506    66706092
1.6457    4161789
1.64588    32759807
1.64698    34086912
1.64717    67105619
1.6478    15114240
1.64816    63480177
1.64886    5185204
1.64934    3118
1.64976    16351231
1.65074    67104265
1.65104    59465727
1.65118    4230
1.65174    60219392
1.65216    714313
1.65258    27631615
1.65305    45424640
1.65344    5609
1.65376    67106129
1.65399    19742720
1.65427    7560
1.65541    66495849
1.65601    4998
1.65678    55975935
1.65699    61440514
1.65728    867
1.65795    45539327
1.65823    6175
1.65896    39968768
1.65915    2506600
1.65938    63274897
1.65984    1400945
1.66038    67106451
1.66081    18202623
1.66092    64660332
1.66116    23109632
1.66183    49463378
1.66215    67103342
1.66249    6854
1.66299    492836
1.66356    65895712
1.66402    10403712
1.66436    55337027
1.66469    485461
1.66485    67104008
1.66557    9125888
1.66594    43638783
1.66628    3750
1.66703    66830157
1.66724    25837568
1.66779    35692543
1.66843    67105097
1.66879    23298047
1.66975    65069362
1.67029    2081111
1.67146    147455
1.67182    66659269
1.6723    67107438
1.67273    14139455
1.67289    49946623
1.67362    35643392
1.67385    29220863
1.67408    609671
1.67462    67104718
1.67485    637
1.6751    6419
1.67529    62717996
1.67597    5316478
1.67622    57884596
1.67635    52625408
1.67691    5420
1.6771    67106951
1.67729    6889728
1.678    67102640
1.67829    27738112
1.6789    64552657
1.67993    9101311
1.68035    67101216
1.68082    25329663
1.68112    634885
1.68162    16
1.68188    253525
1.68277    67106281
1.68316    836753
1.68369    54411196
1.68415    14491647
1.68445    66370486
1.6847    30400512
1.68512    67103047
1.68583    60555540
1.68637    38363135
1.68662    1842364
1.68736    20168703
1.68762    9748654
1.68829    47259647
1.68875    67105372
1.68895    520605
1.68935    66520269
1.69047    1724
1.69076    31588351
1.6914    57680115
1.69164    64798684
1.69197    2630
1.69272    67104925
1.69341    5247
1.69384    3195020
1.69408    3227203
1.69481    54157485
1.69546    42024959
1.69577    32686080
1.69607    66183349
1.69665    642261
1.69704    67103510
1.69747    11231231
1.69805    6683
1.69818    66788679
1.69838    6078464
1.69882    63414988
1.69983    37707776
1.70046    20340798
1.70087    456464
1.70139    436442
1.70162    67105918
1.70186    44720128
1.70234    66545278
1.70262    21913599
1.70322    1072487
1.70376    67108570
1.70415    1008314
1.7043    40239103
1.70455    49971200
1.70481    67104501
1.70616    67106648
1.70663    8429915
1.70706    67102842
1.70811    311076
1.70857    61923081
1.70877    66650878
1.70924    592839
1.70967    26656767
1.70982    12542022
1.71069    61497535
1.71088    7855919
1.71183    67103815
1.712    1876948
1.71245    67107562
1.71282    36765695
1.71334    4900
1.71369    1922
1.71428    24870980
1.71478    51642367
1.71511    6076
1.71578    15777791
1.71636    1253404
1.71669    66600083
1.71685    63758336
1.71735    19120128
1.71769    6929
1.71812    52076607
1.71833    67105745
1.7188    56942548
1.71904    1695743
1.71948    471284
1.72042    66472467
1.7207    1208
1.72145    67101722
1.72188    65789566
1.72213    34611200
1.72257    15835136
1.72315    67100748
1.72368    462
1.72395    67107034
1.72436    48693319
1.72468    3837
1.72528    7296
1.72566    61800379
1.72639    33816575
1.72665    2882
1.72704    10371072
1.72803    628931
1.72836    56164352
1.7288    5668863
1.72949    67106387
1.7299    28467199
1.73008    40697856
1.73052    5685366
1.73072    61784679
1.73134    2485
1.73174    67103671
1.73266    65527209
1.73282    11124572
1.73308    67102169
1.73418    2556621
1.73448    55214032
1.73475    5100
1.73559    253863
1.73596    3545
1.73617    65012240
1.73649    28352512
1.73668    67105438
1.73712    65896416
1.7377    66185433
1.73806    991500
1.73823    41254911
1.73853    5676666
1.73926    67104389
1.73943    17285176
1.74003    1465
1.74019    13836236
1.74039    58802216
1.74076    48947149
1.74135    44318799
1.74191    67106012
1.74244    433107
1.74276    65094766
1.74356    66066771
1.74417    38592512
1.7444    22757375
1.74468    2117
1.74539    544699
1.74555    60743501
1.74617    2948545
1.74651    21954613
1.74683    66158887
1.74728    67104651
1.74828    18849791
1.74843    7282839
1.74878    33562624
1.74914    65854326
1.74942    34652159
1.75    389607
1.75054    3776511
1.75087    55025863
1.75124    640795
1.75155    54280028
1.75216    66292093
1.75284    62169088
1.75367    44064767
1.7543    50151551
1.75449    2023924
1.75464    58531761
1.75532    896310
1.75548    67102558
1.75593    5912
1.75619    14499840
1.75655    67103908
1.7567    30629887
1.75752    1113679
1.75762    67101317
1.7579    66648033
1.75855    39223295
1.75916    66871190
1.75952    1066032
1.76003    8355753
1.76047    31940608
1.76089    2351143
1.76125    47529984
1.76176    65249313
1.76215    26001407
1.76268    9126143
1.76295    66674115
1.7632    4757
1.76423    67104871
1.76458    59523308
1.76481    1386061
1.76507    391620
1.76612    806994
1.76709    25542734
1.76737    66168306
1.7675    10027007
1.7678    37535743
1.76817    42360832
1.76909    67105830
1.76926    1793115
1.76974    683037
1.77029    67104069
1.77075    60424137
1.77095    65651524
1.7711    579059
1.77156    21323775
1.77186    18227268
1.77245    1761052
1.77291    286851
1.7734    67107211
1.77383    49962941
1.77436    57647164
1.7751    65289989
1.77598    2710
1.77681    42696703
1.77704    60621302
1.77735    67105146
1.77753    10215506
1.77798    5341
1.77844    22609920
1.77916    6946662
1.77962    4317509
1.78028    6264
1.78044    67100911
1.78075    28991488
1.78088    66181787
1.78144    46890945
1.78219    67103595
1.78277    46669824
1.7832    67105520
1.78332    1075
1.78358    646348
1.78399    912854
1.78445    62570342
1.78501    53190656
1.78539    13869182
1.78569    65651903
1.78592    4185914
1.78635    56492031
1.78653    2414
1.78742    67106552
1.78768    33087487
1.78807    11927432
1.78829    67102975
1.78866    1654
1.78909    60792832
1.79022    36003840
1.79044    438610
1.79074    24158207
1.79149    52559819
1.7918    1065544
1.79239    66002130
1.79314    41312256
1.79337    2400255
1.79365    6979634
1.79388    62750967
1.79509    645681
1.79549    65101823
1.79614    63775571
1.79635    3958
1.79666    67104228
1.79683    20881456
1.79755    731151
1.79796    17022975
1.79834    66619117
1.79886    65673723
1.7995    8495554
1.8    50937985
1.80033    60792538
1.80065    31006787
1.80087    1079059
1.80171    3407916
1.80201    67104976
1.80239    28770231
1.80268    66330704
